1113852382967771207
1111706035896455268
1111664331373936701
1111347696243060839
1111310142470885406
1109109632070336612
1108809695289938100
1108778008350818415
1115311773386551408
1115549886973231114
1116404323925102623
1117579163927322695
1118924017030680657
1103697975433236500
1101499370463035502
1101192945962598480
1098627039659053186
1097873204137168957
1119255913417691237
1120349982042620035
1121116341508784328
1121462776964071498
1122889785221058570
1124001023137161356
1124333870595190824
1126533942217031720
1129071313189863455
1129464845125816494
1131607775261245460
1131607775219294298
1133447860759830689
1134147056911536158
1134147054826946600
1134930335256293406
1136694096786903050
1136694096606531725
1139247336745357443
1139247334920818812
1141752471249760266
1141752471228792852
1144295062004584488
1145713178857181235
1146834183415681074
1147192114183147551
1148330582783303700
1149441336261492786
1149735396947804230
1151896931900080178
1154438694443417672
1154782333094871180
1156975849728397386
1157320503170707596
1159531333668851756
1162056069846155385
1164620887077699594
1164585880741224591
1167144704597565613
1167453479770533999
1168644710294884432
1169672878409654383
1172213632910770249
1174834660732317767
1174769694440423524
1176563475854676030
1177295584038768640
1178776032946442271
1179841073628053604
1187093295931867186
1186375089697075210
1184503190251638894
1187439389870141480
1187809392041676870
1187768808706949240
1187490508906434671
1188150014971748422
1188516202704814122
1188880121407475742
1189214832499642423
1189240303949983865
1189607676435509339
1189965927861723311
1190326034462163067
1190689865466138736
1191431524218839111
1192508658727260200
1192139586848178176
1191775698491277322
1195068646389727242
1197578932631908363
1200085077074399313
1200116517543624834
1207720284237602897
1207339785618858015
1207050232832065576
1206664855973789726
1205945857694765096
1205187198257856596
1202651684921409627
1202302915356934166
1210260530099654738
1212844944344223745
1213195764763856928
1215347896669569065
1217852754207441018
1220396317306650635
1220741864651620464
1222926426387517490
1223281821240922164
1224354767145402489
1224392873991213146
1225472101994205184
1228023246511669319
1230545934392492064
1233074880115773521
1235647077766271047
1096101126933323927
1093600193238269983
1093567042768089098
1091352096500093011
1091016746053423196
1090266730506489896
1088829559513829426
1088519162365743175
1087395501336432660
1085984794707496960
1085963027293151313
1083422430426570792
1082348538727506034
1080918937518215238
1080889974305587322
1078348117377830973
1075812779317002240
1075424946483888158
1073275827640336444
1070741123825422336
1068207427297742988
1065998183865536565
1065682737203261480
1065663273862705292
1063126894435913760
1060595607900782602
1058397360058814464
1058062705535230053
1057692914383327252
1057334603796459570
1057315230964785293
1056967736913297509
1056637595586678896
1056243940665348147
1055889375050866748
1055878577129787472
1055878396585980105
1055518248193511435
1055183545380917269
1054793414622851122
1054463553060491355
1054418165146325002
1054093330893512854
1053710371971682354
1053363492553498694
1053333378776190986
1053003354034413629
1045405815244337254
1043022017881976893
1040337700420595824
1038159553621147719
1037929125165420614
1035256974272647178
1027605611313102910
1025086427932921936
1022530806100545557
1019990165961314325
1017451112820908202
1015255760697040976
1014944279581438002
1012380962820202538
1011360216203395072
1007306979171123230
1238184750032621650
1239693447967801445
1240721381734350871

1240709772379029504
1243240793183883416
1243224467258216599
1243315301777543179
1245771063846240348
1246133354819223562
1250847416836554924
1248314321398665288
